2021/11/25-10:54:01.798179 2067a9600 RocksDB version: 6.17.3
2021/11/25-10:54:01.798569 2067a9600 Git sha rocksdb_build_git_sha:@09c7e96eac1ab983f97ce9e0406730b8014b3398@
2021/11/25-10:54:01.798572 2067a9600 Compile date Nov 25 2021
2021/11/25-10:54:01.798589 2067a9600 DB SUMMARY
2021/11/25-10:54:01.798591 2067a9600 DB Session ID:  ETBUUZHSXDSXBF1UC5BY
2021/11/25-10:54:01.798871 2067a9600 CURRENT file:  CURRENT
2021/11/25-10:54:01.798873 2067a9600 IDENTITY file:  IDENTITY
2021/11/25-10:54:01.798994 2067a9600 MANIFEST file:  MANIFEST-000084 size: 2646 Bytes
2021/11/25-10:54:01.798996 2067a9600 SST files in test-ledger/rocksdb dir, Total Num: 7, files: 000077.sst 000078.sst 000079.sst 000080.sst 000081.sst 000082.sst 000083.sst 
2021/11/25-10:54:01.798998 2067a9600 Write Ahead Log file in test-ledger/rocksdb: 000085.log size: 1522745 ; 
2021/11/25-10:54:01.798999 2067a9600                         Options.error_if_exists: 0
2021/11/25-10:54:01.799000 2067a9600                       Options.create_if_missing: 1
2021/11/25-10:54:01.799001 2067a9600                         Options.paranoid_checks: 1
2021/11/25-10:54:01.799002 2067a9600                               Options.track_and_verify_wals_in_manifest: 0
2021/11/25-10:54:01.799002 2067a9600                                     Options.env: 0x105c3f2c8
2021/11/25-10:54:01.799004 2067a9600                                      Options.fs: Posix File System
2021/11/25-10:54:01.799005 2067a9600                                Options.info_log: 0x600000a3c190
2021/11/25-10:54:01.799005 2067a9600                Options.max_file_opening_threads: 16
2021/11/25-10:54:01.799006 2067a9600                              Options.statistics: 0x0
2021/11/25-10:54:01.799007 2067a9600                               Options.use_fsync: 0
2021/11/25-10:54:01.799008 2067a9600                       Options.max_log_file_size: 0
2021/11/25-10:54:01.799009 2067a9600                  Options.max_manifest_file_size: 1073741824
2021/11/25-10:54:01.799009 2067a9600                   Options.log_file_time_to_roll: 0
2021/11/25-10:54:01.799010 2067a9600                       Options.keep_log_file_num: 1000
2021/11/25-10:54:01.799011 2067a9600                    Options.recycle_log_file_num: 0
2021/11/25-10:54:01.799011 2067a9600                         Options.allow_fallocate: 1
2021/11/25-10:54:01.799012 2067a9600                        Options.allow_mmap_reads: 0
2021/11/25-10:54:01.799013 2067a9600                       Options.allow_mmap_writes: 0
2021/11/25-10:54:01.799014 2067a9600                        Options.use_direct_reads: 0
2021/11/25-10:54:01.799014 2067a9600                        Options.use_direct_io_for_flush_and_compaction: 0
2021/11/25-10:54:01.799015 2067a9600          Options.create_missing_column_families: 1
2021/11/25-10:54:01.799016 2067a9600                              Options.db_log_dir: 
2021/11/25-10:54:01.799016 2067a9600                                 Options.wal_dir: test-ledger/rocksdb
2021/11/25-10:54:01.799017 2067a9600                Options.table_cache_numshardbits: 6
2021/11/25-10:54:01.799018 2067a9600                         Options.WAL_ttl_seconds: 0
2021/11/25-10:54:01.799019 2067a9600                       Options.WAL_size_limit_MB: 0
2021/11/25-10:54:01.799019 2067a9600                        Options.max_write_batch_group_size_bytes: 1048576
2021/11/25-10:54:01.799020 2067a9600             Options.manifest_preallocation_size: 4194304
2021/11/25-10:54:01.799021 2067a9600                     Options.is_fd_close_on_exec: 1
2021/11/25-10:54:01.799022 2067a9600                   Options.advise_random_on_open: 1
2021/11/25-10:54:01.799022 2067a9600                    Options.db_write_buffer_size: 0
2021/11/25-10:54:01.799023 2067a9600                    Options.write_buffer_manager: 0x60000273e400
2021/11/25-10:54:01.799024 2067a9600         Options.access_hint_on_compaction_start: 1
2021/11/25-10:54:01.799024 2067a9600  Options.new_table_reader_for_compaction_inputs: 0
2021/11/25-10:54:01.799025 2067a9600           Options.random_access_max_buffer_size: 1048576
2021/11/25-10:54:01.799026 2067a9600                      Options.use_adaptive_mutex: 0
2021/11/25-10:54:01.799042 2067a9600                            Options.rate_limiter: 0x0
2021/11/25-10:54:01.799044 2067a9600     Options.sst_file_manager.rate_bytes_per_sec: 0
2021/11/25-10:54:01.799045 2067a9600                       Options.wal_recovery_mode: 2
2021/11/25-10:54:01.799046 2067a9600                  Options.enable_thread_tracking: 0
2021/11/25-10:54:01.799046 2067a9600                  Options.enable_pipelined_write: 0
2021/11/25-10:54:01.799047 2067a9600                  Options.unordered_write: 0
2021/11/25-10:54:01.799048 2067a9600         Options.allow_concurrent_memtable_write: 1
2021/11/25-10:54:01.799049 2067a9600      Options.enable_write_thread_adaptive_yield: 1
2021/11/25-10:54:01.799049 2067a9600             Options.write_thread_max_yield_usec: 100
2021/11/25-10:54:01.799050 2067a9600            Options.write_thread_slow_yield_usec: 3
2021/11/25-10:54:01.799051 2067a9600                               Options.row_cache: None
2021/11/25-10:54:01.799051 2067a9600                              Options.wal_filter: None
2021/11/25-10:54:01.799052 2067a9600             Options.avoid_flush_during_recovery: 0
2021/11/25-10:54:01.799053 2067a9600             Options.allow_ingest_behind: 0
2021/11/25-10:54:01.799054 2067a9600             Options.preserve_deletes: 0
2021/11/25-10:54:01.799054 2067a9600             Options.two_write_queues: 0
2021/11/25-10:54:01.799055 2067a9600             Options.manual_wal_flush: 0
2021/11/25-10:54:01.799056 2067a9600             Options.atomic_flush: 0
2021/11/25-10:54:01.799056 2067a9600             Options.avoid_unnecessary_blocking_io: 0
2021/11/25-10:54:01.799057 2067a9600                 Options.persist_stats_to_disk: 0
2021/11/25-10:54:01.799058 2067a9600                 Options.write_dbid_to_manifest: 0
2021/11/25-10:54:01.799059 2067a9600                 Options.log_readahead_size: 0
2021/11/25-10:54:01.799059 2067a9600                 Options.file_checksum_gen_factory: Unknown
2021/11/25-10:54:01.799060 2067a9600                 Options.best_efforts_recovery: 0
2021/11/25-10:54:01.799061 2067a9600                Options.max_bgerror_resume_count: 2147483647
2021/11/25-10:54:01.799062 2067a9600            Options.bgerror_resume_retry_interval: 1000000
2021/11/25-10:54:01.799062 2067a9600             Options.allow_data_in_errors: 0
2021/11/25-10:54:01.799063 2067a9600             Options.db_host_id: __hostname__
2021/11/25-10:54:01.799064 2067a9600             Options.max_background_jobs: 8
2021/11/25-10:54:01.799065 2067a9600             Options.max_background_compactions: -1
2021/11/25-10:54:01.799065 2067a9600             Options.max_subcompactions: 1
2021/11/25-10:54:01.799066 2067a9600             Options.avoid_flush_during_shutdown: 0
2021/11/25-10:54:01.799067 2067a9600           Options.writable_file_max_buffer_size: 1048576
2021/11/25-10:54:01.799067 2067a9600             Options.delayed_write_rate : 16777216
2021/11/25-10:54:01.799068 2067a9600             Options.max_total_wal_size: 4294967296
2021/11/25-10:54:01.799069 2067a9600             Options.delete_obsolete_files_period_micros: 21600000000
2021/11/25-10:54:01.799070 2067a9600                   Options.stats_dump_period_sec: 600
2021/11/25-10:54:01.799070 2067a9600                 Options.stats_persist_period_sec: 600
2021/11/25-10:54:01.799071 2067a9600                 Options.stats_history_buffer_size: 1048576
2021/11/25-10:54:01.799072 2067a9600                          Options.max_open_files: -1
2021/11/25-10:54:01.799073 2067a9600                          Options.bytes_per_sync: 0
2021/11/25-10:54:01.799073 2067a9600                      Options.wal_bytes_per_sync: 0
2021/11/25-10:54:01.799074 2067a9600                   Options.strict_bytes_per_sync: 0
2021/11/25-10:54:01.799075 2067a9600       Options.compaction_readahead_size: 0
2021/11/25-10:54:01.799076 2067a9600                  Options.max_background_flushes: -1
2021/11/25-10:54:01.799076 2067a9600 Compression algorithms supported:
2021/11/25-10:54:01.799203 2067a9600 	kZSTD supported: 0
2021/11/25-10:54:01.799211 2067a9600 	kZlibCompression supported: 0
2021/11/25-10:54:01.799221 2067a9600 	kXpressCompression supported: 0
2021/11/25-10:54:01.799222 2067a9600 	kSnappyCompression supported: 0
2021/11/25-10:54:01.799255 2067a9600 	kZSTDNotFinalCompression supported: 0
2021/11/25-10:54:01.799257 2067a9600 	kLZ4HCCompression supported: 1
2021/11/25-10:54:01.799258 2067a9600 	kLZ4Compression supported: 1
2021/11/25-10:54:01.799258 2067a9600 	kBZip2Compression supported: 0
2021/11/25-10:54:01.799261 2067a9600 Fast CRC32 supported: Supported on x86
2021/11/25-10:54:01.799666 2067a9600 [db/version_set.cc:4757] Recovering from manifest file: test-ledger/rocksdb/MANIFEST-000084
2021/11/25-10:54:01.800248 2067a9600 [db/column_family.cc:597] --------------- Options for column family [default]:
2021/11/25-10:54:01.800253 2067a9600               Options.comparator: leveldb.BytewiseComparator
2021/11/25-10:54:01.800254 2067a9600           Options.merge_operator: None
2021/11/25-10:54:01.800255 2067a9600        Options.compaction_filter: None
2021/11/25-10:54:01.800256 2067a9600        Options.compaction_filter_factory: None
2021/11/25-10:54:01.800257 2067a9600  Options.sst_partitioner_factory: None
2021/11/25-10:54:01.800257 2067a9600         Options.memtable_factory: SkipListFactory
2021/11/25-10:54:01.800258 2067a9600            Options.table_factory: BlockBasedTable
2021/11/25-10:54:01.800281 2067a9600            table_factory options:   flush_block_policy_factory: FlushBlockBySizePolicyFactory (0x600002b38940)
  cache_index_and_filter_blocks: 0
  cache_index_and_filter_blocks_with_high_priority: 1
  pin_l0_filter_and_index_blocks_in_cache: 0
  pin_top_level_index_and_filter: 1
  index_type: 0
  data_block_index_type: 0
  index_shortening: 1
  data_block_hash_table_util_ratio: 0.750000
  hash_index_allow_collision: 1
  checksum: 1
  no_block_cache: 0
  block_cache: 0x60000183d558
  block_cache_name: LRUCache
  block_cache_options:
    capacity : 8388608
    num_shard_bits : 4
    strict_capacity_limit : 0
    memory_allocator : None
    high_pri_pool_ratio: 0.000
  block_cache_compressed: 0x0
  persistent_cache: 0x0
  block_size: 4096
  block_size_deviation: 10
  block_restart_interval: 16
  index_block_restart_interval: 1
  metadata_block_size: 4096
  partition_filters: 0
  use_delta_encoding: 1
  filter_policy: nullptr
  whole_key_filtering: 1
  verify_compression: 0
  read_amp_bytes_per_bit: 0
  format_version: 4
  enable_index_compression: 1
  block_align: 0
2021/11/25-10:54:01.800283 2067a9600        Options.write_buffer_size: 67108864
2021/11/25-10:54:01.800283 2067a9600  Options.max_write_buffer_number: 2
2021/11/25-10:54:01.800393 2067a9600          Options.compression: NoCompression
2021/11/25-10:54:01.800394 2067a9600                  Options.bottommost_compression: Disabled
2021/11/25-10:54:01.800395 2067a9600       Options.prefix_extractor: nullptr
2021/11/25-10:54:01.800396 2067a9600   Options.memtable_insert_with_hint_prefix_extractor: nullptr
2021/11/25-10:54:01.800397 2067a9600             Options.num_levels: 7
2021/11/25-10:54:01.800397 2067a9600        Options.min_write_buffer_number_to_merge: 1
2021/11/25-10:54:01.800398 2067a9600     Options.max_write_buffer_number_to_maintain: 0
2021/11/25-10:54:01.800399 2067a9600     Options.max_write_buffer_size_to_maintain: 0
2021/11/25-10:54:01.800400 2067a9600            Options.bottommost_compression_opts.window_bits: -14
2021/11/25-10:54:01.800400 2067a9600                  Options.bottommost_compression_opts.level: 32767
2021/11/25-10:54:01.800401 2067a9600               Options.bottommost_compression_opts.strategy: 0
2021/11/25-10:54:01.800402 2067a9600         Options.bottommost_compression_opts.max_dict_bytes: 0
2021/11/25-10:54:01.800403 2067a9600         Options.bottommost_compression_opts.zstd_max_train_bytes: 0
2021/11/25-10:54:01.800404 2067a9600         Options.bottommost_compression_opts.parallel_threads: 1
2021/11/25-10:54:01.800404 2067a9600                  Options.bottommost_compression_opts.enabled: false
2021/11/25-10:54:01.800405 2067a9600            Options.compression_opts.window_bits: -14
2021/11/25-10:54:01.800420 2067a9600                  Options.compression_opts.level: 32767
2021/11/25-10:54:01.800420 2067a9600               Options.compression_opts.strategy: 0
2021/11/25-10:54:01.800421 2067a9600         Options.compression_opts.max_dict_bytes: 0
2021/11/25-10:54:01.800422 2067a9600         Options.compression_opts.zstd_max_train_bytes: 0
2021/11/25-10:54:01.800423 2067a9600         Options.compression_opts.parallel_threads: 1
2021/11/25-10:54:01.800423 2067a9600                  Options.compression_opts.enabled: false
2021/11/25-10:54:01.800424 2067a9600      Options.level0_file_num_compaction_trigger: 4
2021/11/25-10:54:01.800425 2067a9600          Options.level0_slowdown_writes_trigger: 20
2021/11/25-10:54:01.800426 2067a9600              Options.level0_stop_writes_trigger: 36
2021/11/25-10:54:01.800426 2067a9600                   Options.target_file_size_base: 67108864
2021/11/25-10:54:01.800427 2067a9600             Options.target_file_size_multiplier: 1
2021/11/25-10:54:01.800428 2067a9600                Options.max_bytes_for_level_base: 268435456
2021/11/25-10:54:01.800429 2067a9600 Options.level_compaction_dynamic_level_bytes: 0
2021/11/25-10:54:01.800429 2067a9600          Options.max_bytes_for_level_multiplier: 10.000000
2021/11/25-10:54:01.800431 2067a9600 Options.max_bytes_for_level_multiplier_addtl[0]: 1
2021/11/25-10:54:01.800431 2067a9600 Options.max_bytes_for_level_multiplier_addtl[1]: 1
2021/11/25-10:54:01.800432 2067a9600 Options.max_bytes_for_level_multiplier_addtl[2]: 1
2021/11/25-10:54:01.800433 2067a9600 Options.max_bytes_for_level_multiplier_addtl[3]: 1
2021/11/25-10:54:01.800434 2067a9600 Options.max_bytes_for_level_multiplier_addtl[4]: 1
2021/11/25-10:54:01.800434 2067a9600 Options.max_bytes_for_level_multiplier_addtl[5]: 1
2021/11/25-10:54:01.800435 2067a9600 Options.max_bytes_for_level_multiplier_addtl[6]: 1
2021/11/25-10:54:01.800436 2067a9600       Options.max_sequential_skip_in_iterations: 8
2021/11/25-10:54:01.800437 2067a9600                    Options.max_compaction_bytes: 1677721600
2021/11/25-10:54:01.800437 2067a9600                        Options.arena_block_size: 8388608
2021/11/25-10:54:01.800438 2067a9600   Options.soft_pending_compaction_bytes_limit: 68719476736
2021/11/25-10:54:01.800439 2067a9600   Options.hard_pending_compaction_bytes_limit: 274877906944
2021/11/25-10:54:01.800440 2067a9600       Options.rate_limit_delay_max_milliseconds: 100
2021/11/25-10:54:01.800441 2067a9600                Options.disable_auto_compactions: 0
2021/11/25-10:54:01.800442 2067a9600                        Options.compaction_style: kCompactionStyleLevel
2021/11/25-10:54:01.800443 2067a9600                          Options.compaction_pri: kMinOverlappingRatio
2021/11/25-10:54:01.800443 2067a9600 Options.compaction_options_universal.size_ratio: 1
2021/11/25-10:54:01.800444 2067a9600 Options.compaction_options_universal.min_merge_width: 2
2021/11/25-10:54:01.800445 2067a9600 Options.compaction_options_universal.max_merge_width: 4294967295
2021/11/25-10:54:01.800446 2067a9600 Options.compaction_options_universal.max_size_amplification_percent: 200
2021/11/25-10:54:01.800446 2067a9600 Options.compaction_options_universal.compression_size_percent: -1
2021/11/25-10:54:01.800448 2067a9600 Options.compaction_options_universal.stop_style: kCompactionStopStyleTotalSize
2021/11/25-10:54:01.800448 2067a9600 Options.compaction_options_fifo.max_table_files_size: 1073741824
2021/11/25-10:54:01.800449 2067a9600 Options.compaction_options_fifo.allow_compaction: 0
2021/11/25-10:54:01.800453 2067a9600                   Options.table_properties_collectors: 
2021/11/25-10:54:01.800454 2067a9600                   Options.inplace_update_support: 0
2021/11/25-10:54:01.800455 2067a9600                 Options.inplace_update_num_locks: 10000
2021/11/25-10:54:01.800456 2067a9600               Options.memtable_prefix_bloom_size_ratio: 0.000000
2021/11/25-10:54:01.800456 2067a9600               Options.memtable_whole_key_filtering: 0
2021/11/25-10:54:01.800457 2067a9600   Options.memtable_huge_page_size: 0
2021/11/25-10:54:01.800467 2067a9600                           Options.bloom_locality: 0
2021/11/25-10:54:01.800468 2067a9600                    Options.max_successive_merges: 0
2021/11/25-10:54:01.800469 2067a9600                Options.optimize_filters_for_hits: 0
2021/11/25-10:54:01.800470 2067a9600                Options.paranoid_file_checks: 0
2021/11/25-10:54:01.800471 2067a9600                Options.force_consistency_checks: 1
2021/11/25-10:54:01.800471 2067a9600                Options.report_bg_io_stats: 0
2021/11/25-10:54:01.800472 2067a9600                               Options.ttl: 2592000
2021/11/25-10:54:01.800473 2067a9600          Options.periodic_compaction_seconds: 0
2021/11/25-10:54:01.800474 2067a9600                    Options.enable_blob_files: false
2021/11/25-10:54:01.800474 2067a9600                        Options.min_blob_size: 0
2021/11/25-10:54:01.800475 2067a9600                       Options.blob_file_size: 268435456
2021/11/25-10:54:01.800476 2067a9600                Options.blob_compression_type: NoCompression
2021/11/25-10:54:01.800477 2067a9600       Options.enable_blob_garbage_collection: false
2021/11/25-10:54:01.800477 2067a9600   Options.blob_garbage_collection_age_cutoff: 0.250000
2021/11/25-10:54:01.801384 2067a9600 [db/column_family.cc:597] --------------- Options for column family [meta]:
2021/11/25-10:54:01.801388 2067a9600               Options.comparator: leveldb.BytewiseComparator
2021/11/25-10:54:01.801389 2067a9600           Options.merge_operator: None
2021/11/25-10:54:01.801390 2067a9600        Options.compaction_filter: None
2021/11/25-10:54:01.801394 2067a9600        Options.compaction_filter_factory: purged_slot_filter_factory(meta)
2021/11/25-10:54:01.801395 2067a9600  Options.sst_partitioner_factory: None
2021/11/25-10:54:01.801396 2067a9600         Options.memtable_factory: SkipListFactory
2021/11/25-10:54:01.801397 2067a9600            Options.table_factory: BlockBasedTable
2021/11/25-10:54:01.801409 2067a9600            table_factory options:   flush_block_policy_factory: FlushBlockBySizePolicyFactory (0x600002b312d0)
  cache_index_and_filter_blocks: 0
  cache_index_and_filter_blocks_with_high_priority: 1
  pin_l0_filter_and_index_blocks_in_cache: 0
  pin_top_level_index_and_filter: 1
  index_type: 0
  data_block_index_type: 0
  index_shortening: 1
  data_block_hash_table_util_ratio: 0.750000
  hash_index_allow_collision: 1
  checksum: 1
  no_block_cache: 0
  block_cache: 0x6000018343d8
  block_cache_name: LRUCache
  block_cache_options:
    capacity : 8388608
    num_shard_bits : 4
    strict_capacity_limit : 0
    memory_allocator : None
    high_pri_pool_ratio: 0.000
  block_cache_compressed: 0x0
  persistent_cache: 0x0
  block_size: 4096
  block_size_deviation: 10
  block_restart_interval: 16
  index_block_restart_interval: 1
  metadata_block_size: 4096
  partition_filters: 0
  use_delta_encoding: 1
  filter_policy: nullptr
  whole_key_filtering: 1
  verify_compression: 0
  read_amp_bytes_per_bit: 0
  format_version: 4
  enable_index_compression: 1
  block_align: 0
2021/11/25-10:54:01.801411 2067a9600        Options.write_buffer_size: 268435456
2021/11/25-10:54:01.801411 2067a9600  Options.max_write_buffer_number: 8
2021/11/25-10:54:01.801412 2067a9600          Options.compression: NoCompression
2021/11/25-10:54:01.801413 2067a9600                  Options.bottommost_compression: Disabled
2021/11/25-10:54:01.801414 2067a9600       Options.prefix_extractor: nullptr
2021/11/25-10:54:01.801415 2067a9600   Options.memtable_insert_with_hint_prefix_extractor: nullptr
2021/11/25-10:54:01.801415 2067a9600             Options.num_levels: 7
2021/11/25-10:54:01.801416 2067a9600        Options.min_write_buffer_number_to_merge: 1
2021/11/25-10:54:01.801417 2067a9600     Options.max_write_buffer_number_to_maintain: 0
2021/11/25-10:54:01.801418 2067a9600     Options.max_write_buffer_size_to_maintain: 0
2021/11/25-10:54:01.801418 2067a9600            Options.bottommost_compression_opts.window_bits: -14
2021/11/25-10:54:01.801419 2067a9600                  Options.bottommost_compression_opts.level: 32767
2021/11/25-10:54:01.801432 2067a9600               Options.bottommost_compression_opts.strategy: 0
2021/11/25-10:54:01.801433 2067a9600         Options.bottommost_compression_opts.max_dict_bytes: 0
2021/11/25-10:54:01.801434 2067a9600         Options.bottommost_compression_opts.zstd_max_train_bytes: 0
2021/11/25-10:54:01.801435 2067a9600         Options.bottommost_compression_opts.parallel_threads: 1
2021/11/25-10:54:01.801436 2067a9600                  Options.bottommost_compression_opts.enabled: false
2021/11/25-10:54:01.801436 2067a9600            Options.compression_opts.window_bits: -14
2021/11/25-10:54:01.801437 2067a9600                  Options.compression_opts.level: 32767
2021/11/25-10:54:01.801438 2067a9600               Options.compression_opts.strategy: 0
2021/11/25-10:54:01.801438 2067a9600         Options.compression_opts.max_dict_bytes: 0
2021/11/25-10:54:01.801439 2067a9600         Options.compression_opts.zstd_max_train_bytes: 0
2021/11/25-10:54:01.801440 2067a9600         Options.compression_opts.parallel_threads: 1
2021/11/25-10:54:01.801441 2067a9600                  Options.compression_opts.enabled: false
2021/11/25-10:54:01.801441 2067a9600      Options.level0_file_num_compaction_trigger: 4
2021/11/25-10:54:01.801442 2067a9600          Options.level0_slowdown_writes_trigger: 20
2021/11/25-10:54:01.801443 2067a9600              Options.level0_stop_writes_trigger: 36
2021/11/25-10:54:01.801444 2067a9600                   Options.target_file_size_base: 107374182
2021/11/25-10:54:01.801444 2067a9600             Options.target_file_size_multiplier: 1
2021/11/25-10:54:01.801445 2067a9600                Options.max_bytes_for_level_base: 1073741824
2021/11/25-10:54:01.801446 2067a9600 Options.level_compaction_dynamic_level_bytes: 0
2021/11/25-10:54:01.801447 2067a9600          Options.max_bytes_for_level_multiplier: 10.000000
2021/11/25-10:54:01.801448 2067a9600 Options.max_bytes_for_level_multiplier_addtl[0]: 1
2021/11/25-10:54:01.801449 2067a9600 Options.max_bytes_for_level_multiplier_addtl[1]: 1
2021/11/25-10:54:01.801449 2067a9600 Options.max_bytes_for_level_multiplier_addtl[2]: 1
2021/11/25-10:54:01.801450 2067a9600 Options.max_bytes_for_level_multiplier_addtl[3]: 1
2021/11/25-10:54:01.801451 2067a9600 Options.max_bytes_for_level_multiplier_addtl[4]: 1
2021/11/25-10:54:01.801452 2067a9600 Options.max_bytes_for_level_multiplier_addtl[5]: 1
2021/11/25-10:54:01.801452 2067a9600 Options.max_bytes_for_level_multiplier_addtl[6]: 1
2021/11/25-10:54:01.801453 2067a9600       Options.max_sequential_skip_in_iterations: 8
2021/11/25-10:54:01.801454 2067a9600                    Options.max_compaction_bytes: 2684354550
2021/11/25-10:54:01.801455 2067a9600                        Options.arena_block_size: 33554432
2021/11/25-10:54:01.801455 2067a9600   Options.soft_pending_compaction_bytes_limit: 68719476736
2021/11/25-10:54:01.801456 2067a9600   Options.hard_pending_compaction_bytes_limit: 274877906944
2021/11/25-10:54:01.801457 2067a9600       Options.rate_limit_delay_max_milliseconds: 100
2021/11/25-10:54:01.801458 2067a9600                Options.disable_auto_compactions: 0
2021/11/25-10:54:01.801459 2067a9600                        Options.compaction_style: kCompactionStyleLevel
2021/11/25-10:54:01.801459 2067a9600                          Options.compaction_pri: kMinOverlappingRatio
2021/11/25-10:54:01.801460 2067a9600 Options.compaction_options_universal.size_ratio: 1
2021/11/25-10:54:01.801461 2067a9600 Options.compaction_options_universal.min_merge_width: 2
2021/11/25-10:54:01.801462 2067a9600 Options.compaction_options_universal.max_merge_width: 4294967295
2021/11/25-10:54:01.801462 2067a9600 Options.compaction_options_universal.max_size_amplification_percent: 200
2021/11/25-10:54:01.801463 2067a9600 Options.compaction_options_universal.compression_size_percent: -1
2021/11/25-10:54:01.801464 2067a9600 Options.compaction_options_universal.stop_style: kCompactionStopStyleTotalSize
2021/11/25-10:54:01.801465 2067a9600 Options.compaction_options_fifo.max_table_files_size: 1073741824
2021/11/25-10:54:01.801473 2067a9600 Options.compaction_options_fifo.allow_compaction: 0
2021/11/25-10:54:01.801474 2067a9600                   Options.table_properties_collectors: 
2021/11/25-10:54:01.801475 2067a9600                   Options.inplace_update_support: 0
2021/11/25-10:54:01.801476 2067a9600                 Options.inplace_update_num_locks: 10000
2021/11/25-10:54:01.801477 2067a9600               Options.memtable_prefix_bloom_size_ratio: 0.000000
2021/11/25-10:54:01.801478 2067a9600               Options.memtable_whole_key_filtering: 0
2021/11/25-10:54:01.801478 2067a9600   Options.memtable_huge_page_size: 0
2021/11/25-10:54:01.801479 2067a9600                           Options.bloom_locality: 0
2021/11/25-10:54:01.801480 2067a9600                    Options.max_successive_merges: 0
2021/11/25-10:54:01.801481 2067a9600                Options.optimize_filters_for_hits: 0
2021/11/25-10:54:01.801481 2067a9600                Options.paranoid_file_checks: 0
2021/11/25-10:54:01.801482 2067a9600                Options.force_consistency_checks: 1
2021/11/25-10:54:01.801483 2067a9600                Options.report_bg_io_stats: 0
2021/11/25-10:54:01.801483 2067a9600                               Options.ttl: 2592000
2021/11/25-10:54:01.801484 2067a9600          Options.periodic_compaction_seconds: 2592000
2021/11/25-10:54:01.801485 2067a9600                    Options.enable_blob_files: false
2021/11/25-10:54:01.801486 2067a9600                        Options.min_blob_size: 0
2021/11/25-10:54:01.801487 2067a9600                       Options.blob_file_size: 268435456
2021/11/25-10:54:01.801487 2067a9600                Options.blob_compression_type: NoCompression
2021/11/25-10:54:01.801488 2067a9600       Options.enable_blob_garbage_collection: false
2021/11/25-10:54:01.801489 2067a9600   Options.blob_garbage_collection_age_cutoff: 0.250000
2021/11/25-10:54:01.801517 2067a9600 [db/column_family.cc:597] --------------- Options for column family [dead_slots]:
2021/11/25-10:54:01.801518 2067a9600               Options.comparator: leveldb.BytewiseComparator
2021/11/25-10:54:01.801519 2067a9600           Options.merge_operator: None
2021/11/25-10:54:01.801520 2067a9600        Options.compaction_filter: None
2021/11/25-10:54:01.801521 2067a9600        Options.compaction_filter_factory: purged_slot_filter_factory(dead_slots)
2021/11/25-10:54:01.801521 2067a9600  Options.sst_partitioner_factory: None
2021/11/25-10:54:01.801522 2067a9600         Options.memtable_factory: SkipListFactory
2021/11/25-10:54:01.801523 2067a9600            Options.table_factory: BlockBasedTable
2021/11/25-10:54:01.801532 2067a9600            table_factory options:   flush_block_policy_factory: FlushBlockBySizePolicyFactory (0x600002b38610)
  cache_index_and_filter_blocks: 0
  cache_index_and_filter_blocks_with_high_priority: 1
  pin_l0_filter_and_index_blocks_in_cache: 0
  pin_top_level_index_and_filter: 1
  index_type: 0
  data_block_index_type: 0
  index_shortening: 1
  data_block_hash_table_util_ratio: 0.750000
  hash_index_allow_collision: 1
  checksum: 1
  no_block_cache: 0
  block_cache: 0x60000183ca18
  block_cache_name: LRUCache
  block_cache_options:
    capacity : 8388608
    num_shard_bits : 4
    strict_capacity_limit : 0
    memory_allocator : None
    high_pri_pool_ratio: 0.000
  block_cache_compressed: 0x0
  persistent_cache: 0x0
  block_size: 4096
  block_size_deviation: 10
  block_restart_interval: 16
  index_block_restart_interval: 1
  metadata_block_size: 4096
  partition_filters: 0
  use_delta_encoding: 1
  filter_policy: nullptr
  whole_key_filtering: 1
  verify_compression: 0
  read_amp_bytes_per_bit: 0
  format_version: 4
  enable_index_compression: 1
  block_align: 0
2021/11/25-10:54:01.801533 2067a9600        Options.write_buffer_size: 268435456
2021/11/25-10:54:01.801534 2067a9600  Options.max_write_buffer_number: 8
2021/11/25-10:54:01.801535 2067a9600          Options.compression: NoCompression
2021/11/25-10:54:01.801535 2067a9600                  Options.bottommost_compression: Disabled
2021/11/25-10:54:01.801544 2067a9600       Options.prefix_extractor: nullptr
2021/11/25-10:54:01.801545 2067a9600   Options.memtable_insert_with_hint_prefix_extractor: nullptr
2021/11/25-10:54:01.801546 2067a9600             Options.num_levels: 7
2021/11/25-10:54:01.801546 2067a9600        Options.min_write_buffer_number_to_merge: 1
2021/11/25-10:54:01.801547 2067a9600     Options.max_write_buffer_number_to_maintain: 0
2021/11/25-10:54:01.801548 2067a9600     Options.max_write_buffer_size_to_maintain: 0
2021/11/25-10:54:01.801549 2067a9600            Options.bottommost_compression_opts.window_bits: -14
2021/11/25-10:54:01.801550 2067a9600                  Options.bottommost_compression_opts.level: 32767
2021/11/25-10:54:01.801550 2067a9600               Options.bottommost_compression_opts.strategy: 0
2021/11/25-10:54:01.801551 2067a9600         Options.bottommost_compression_opts.max_dict_bytes: 0
2021/11/25-10:54:01.801552 2067a9600         Options.bottommost_compression_opts.zstd_max_train_bytes: 0
2021/11/25-10:54:01.801553 2067a9600         Options.bottommost_compression_opts.parallel_threads: 1
2021/11/25-10:54:01.801553 2067a9600                  Options.bottommost_compression_opts.enabled: false
2021/11/25-10:54:01.801554 2067a9600            Options.compression_opts.window_bits: -14
2021/11/25-10:54:01.801555 2067a9600                  Options.compression_opts.level: 32767
2021/11/25-10:54:01.801556 2067a9600               Options.compression_opts.strategy: 0
2021/11/25-10:54:01.801556 2067a9600         Options.compression_opts.max_dict_bytes: 0
2021/11/25-10:54:01.801557 2067a9600         Options.compression_opts.zstd_max_train_bytes: 0
2021/11/25-10:54:01.801558 2067a9600         Options.compression_opts.parallel_threads: 1
2021/11/25-10:54:01.801559 2067a9600                  Options.compression_opts.enabled: false
2021/11/25-10:54:01.801559 2067a9600      Options.level0_file_num_compaction_trigger: 4
2021/11/25-10:54:01.801560 2067a9600          Options.level0_slowdown_writes_trigger: 20
2021/11/25-10:54:01.801561 2067a9600              Options.level0_stop_writes_trigger: 36
2021/11/25-10:54:01.801561 2067a9600                   Options.target_file_size_base: 107374182
2021/11/25-10:54:01.801562 2067a9600             Options.target_file_size_multiplier: 1
2021/11/25-10:54:01.801563 2067a9600                Options.max_bytes_for_level_base: 1073741824
2021/11/25-10:54:01.801564 2067a9600 Options.level_compaction_dynamic_level_bytes: 0
2021/11/25-10:54:01.801564 2067a9600          Options.max_bytes_for_level_multiplier: 10.000000
2021/11/25-10:54:01.801565 2067a9600 Options.max_bytes_for_level_multiplier_addtl[0]: 1
2021/11/25-10:54:01.801566 2067a9600 Options.max_bytes_for_level_multiplier_addtl[1]: 1
2021/11/25-10:54:01.801567 2067a9600 Options.max_bytes_for_level_multiplier_addtl[2]: 1
2021/11/25-10:54:01.801568 2067a9600 Options.max_bytes_for_level_multiplier_addtl[3]: 1
2021/11/25-10:54:01.801568 2067a9600 Options.max_bytes_for_level_multiplier_addtl[4]: 1
2021/11/25-10:54:01.801569 2067a9600 Options.max_bytes_for_level_multiplier_addtl[5]: 1
2021/11/25-10:54:01.801570 2067a9600 Options.max_bytes_for_level_multiplier_addtl[6]: 1
2021/11/25-10:54:01.801571 2067a9600       Options.max_sequential_skip_in_iterations: 8
2021/11/25-10:54:01.801571 2067a9600                    Options.max_compaction_bytes: 2684354550
2021/11/25-10:54:01.801572 2067a9600                        Options.arena_block_size: 33554432
2021/11/25-10:54:01.801573 2067a9600   Options.soft_pending_compaction_bytes_limit: 68719476736
2021/11/25-10:54:01.801574 2067a9600   Options.hard_pending_compaction_bytes_limit: 274877906944
2021/11/25-10:54:01.801575 2067a9600       Options.rate_limit_delay_max_milliseconds: 100
2021/11/25-10:54:01.801575 2067a9600                Options.disable_auto_compactions: 0
2021/11/25-10:54:01.801576 2067a9600                        Options.compaction_style: kCompactionStyleLevel
2021/11/25-10:54:01.801577 2067a9600                          Options.compaction_pri: kMinOverlappingRatio
2021/11/25-10:54:01.801578 2067a9600 Options.compaction_options_universal.size_ratio: 1
2021/11/25-10:54:01.801586 2067a9600 Options.compaction_options_universal.min_merge_width: 2
2021/11/25-10:54:01.801587 2067a9600 Options.compaction_options_universal.max_merge_width: 4294967295
2021/11/25-10:54:01.801588 2067a9600 Options.compaction_options_universal.max_size_amplification_percent: 200
2021/11/25-10:54:01.801589 2067a9600 Options.compaction_options_universal.compression_size_percent: -1
2021/11/25-10:54:01.801590 2067a9600 Options.compaction_options_universal.stop_style: kCompactionStopStyleTotalSize
2021/11/25-10:54:01.801590 2067a9600 Options.compaction_options_fifo.max_table_files_size: 1073741824
2021/11/25-10:54:01.801591 2067a9600 Options.compaction_options_fifo.allow_compaction: 0
2021/11/25-10:54:01.801592 2067a9600                   Options.table_properties_collectors: 
2021/11/25-10:54:01.801593 2067a9600                   Options.inplace_update_support: 0
2021/11/25-10:54:01.801593 2067a9600                 Options.inplace_update_num_locks: 10000
2021/11/25-10:54:01.801594 2067a9600               Options.memtable_prefix_bloom_size_ratio: 0.000000
2021/11/25-10:54:01.801595 2067a9600               Options.memtable_whole_key_filtering: 0
2021/11/25-10:54:01.801596 2067a9600   Options.memtable_huge_page_size: 0
2021/11/25-10:54:01.801597 2067a9600                           Options.bloom_locality: 0
2021/11/25-10:54:01.801597 2067a9600                    Options.max_successive_merges: 0
2021/11/25-10:54:01.801598 2067a9600                Options.optimize_filters_for_hits: 0
2021/11/25-10:54:01.801599 2067a9600                Options.paranoid_file_checks: 0
2021/11/25-10:54:01.801600 2067a9600                Options.force_consistency_checks: 1
2021/11/25-10:54:01.801600 2067a9600                Options.report_bg_io_stats: 0
2021/11/25-10:54:01.801601 2067a9600                               Options.ttl: 2592000
2021/11/25-10:54:01.801602 2067a9600          Options.periodic_compaction_seconds: 2592000
2021/11/25-10:54:01.801602 2067a9600                    Options.enable_blob_files: false
2021/11/25-10:54:01.801603 2067a9600                        Options.min_blob_size: 0
2021/11/25-10:54:01.801604 2067a9600                       Options.blob_file_size: 268435456
2021/11/25-10:54:01.801605 2067a9600                Options.blob_compression_type: NoCompression
2021/11/25-10:54:01.801605 2067a9600       Options.enable_blob_garbage_collection: false
2021/11/25-10:54:01.801606 2067a9600   Options.blob_garbage_collection_age_cutoff: 0.250000
2021/11/25-10:54:01.801628 2067a9600 [db/column_family.cc:597] --------------- Options for column family [duplicate_slots]:
2021/11/25-10:54:01.801629 2067a9600               Options.comparator: leveldb.BytewiseComparator
2021/11/25-10:54:01.801638 2067a9600           Options.merge_operator: None
2021/11/25-10:54:01.801639 2067a9600        Options.compaction_filter: None
2021/11/25-10:54:01.801640 2067a9600        Options.compaction_filter_factory: purged_slot_filter_factory(duplicate_slots)
2021/11/25-10:54:01.801640 2067a9600  Options.sst_partitioner_factory: None
2021/11/25-10:54:01.801641 2067a9600         Options.memtable_factory: SkipListFactory
2021/11/25-10:54:01.801642 2067a9600            Options.table_factory: BlockBasedTable
2021/11/25-10:54:01.801651 2067a9600            table_factory options:   flush_block_policy_factory: FlushBlockBySizePolicyFactory (0x600002b38640)
  cache_index_and_filter_blocks: 0
  cache_index_and_filter_blocks_with_high_priority: 1
  pin_l0_filter_and_index_blocks_in_cache: 0
  pin_top_level_index_and_filter: 1
  index_type: 0
  data_block_index_type: 0
  index_shortening: 1
  data_block_hash_table_util_ratio: 0.750000
  hash_index_allow_collision: 1
  checksum: 1
  no_block_cache: 0
  block_cache: 0x60000183cab8
  block_cache_name: LRUCache
  block_cache_options:
    capacity : 8388608
    num_shard_bits : 4
    strict_capacity_limit : 0
    memory_allocator : None
    high_pri_pool_ratio: 0.000
  block_cache_compressed: 0x0
  persistent_cache: 0x0
  block_size: 4096
  block_size_deviation: 10
  block_restart_interval: 16
  index_block_restart_interval: 1
  metadata_block_size: 4096
  partition_filters: 0
  use_delta_encoding: 1
  filter_policy: nullptr
  whole_key_filtering: 1
  verify_compression: 0
  read_amp_bytes_per_bit: 0
  format_version: 4
  enable_index_compression: 1
  block_align: 0
2021/11/25-10:54:01.801660 2067a9600        Options.write_buffer_size: 268435456
2021/11/25-10:54:01.801661 2067a9600  Options.max_write_buffer_number: 8
2021/11/25-10:54:01.801661 2067a9600          Options.compression: NoCompression
2021/11/25-10:54:01.801662 2067a9600                  Options.bottommost_compression: Disabled
2021/11/25-10:54:01.801663 2067a9600       Options.prefix_extractor: nullptr
2021/11/25-10:54:01.801664 2067a9600   Options.memtable_insert_with_hint_prefix_extractor: nullptr
2021/11/25-10:54:01.801664 2067a9600             Options.num_levels: 7
2021/11/25-10:54:01.801665 2067a9600        Options.min_write_buffer_number_to_merge: 1
2021/11/25-10:54:01.801666 2067a9600     Options.max_write_buffer_number_to_maintain: 0
2021/11/25-10:54:01.801667 2067a9600     Options.max_write_buffer_size_to_maintain: 0
2021/11/25-10:54:01.801667 2067a9600            Options.bottommost_compression_opts.window_bits: -14
2021/11/25-10:54:01.801668 2067a9600                  Options.bottommost_compression_opts.level: 32767
2021/11/25-10:54:01.801669 2067a9600               Options.bottommost_compression_opts.strategy: 0
2021/11/25-10:54:01.801670 2067a9600         Options.bottommost_compression_opts.max_dict_bytes: 0
2021/11/25-10:54:01.801670 2067a9600         Options.bottommost_compression_opts.zstd_max_train_bytes: 0
2021/11/25-10:54:01.801671 2067a9600         Options.bottommost_compression_opts.parallel_threads: 1
2021/11/25-10:54:01.801672 2067a9600                  Options.bottommost_compression_opts.enabled: false
2021/11/25-10:54:01.801673 2067a9600            Options.compression_opts.window_bits: -14
2021/11/25-10:54:01.801673 2067a9600                  Options.compression_opts.level: 32767
2021/11/25-10:54:01.801674 2067a9600               Options.compression_opts.strategy: 0
2021/11/25-10:54:01.801675 2067a9600         Options.compression_opts.max_dict_bytes: 0
2021/11/25-10:54:01.801676 2067a9600         Options.compression_opts.zstd_max_train_bytes: 0
2021/11/25-10:54:01.801676 2067a9600         Options.compression_opts.parallel_threads: 1
2021/11/25-10:54:01.801677 2067a9600                  Options.compression_opts.enabled: false
2021/11/25-10:54:01.801678 2067a9600      Options.level0_file_num_compaction_trigger: 4
2021/11/25-10:54:01.801679 2067a9600          Options.level0_slowdown_writes_trigger: 20
2021/11/25-10:54:01.801679 2067a9600              Options.level0_stop_writes_trigger: 36
2021/11/25-10:54:01.801680 2067a9600                   Options.target_file_size_base: 107374182
2021/11/25-10:54:01.801681 2067a9600             Options.target_file_size_multiplier: 1
2021/11/25-10:54:01.801681 2067a9600                Options.max_bytes_for_level_base: 1073741824
